function output = nablaF0(inp)
    x = inp(1);
    y = inp(2);
    h = 127.5365 - 0.84629*x - 144.21*y + 0.001703*x^2 + 0.3656*x*y;
    dF0dx = -22/(x^2)/y*(50+40/h) - 22/x/y*40/(h^2)*(-0.84629 + 2*0.001703 + 0.3656*y);
    dF0dy = -22/(y^2)/x*(50+40/h) - 22/x/y*40/(h^2)*(-144.21 + 0.3656*x);
    output = [dF0dx; dF0dy];
end